  random number   substep     step   probabilities
    0.156697922         1        1    0.000000005    0.000000630    0.000000000
    0.882758453         2        1    0.000000014    0.000001873    0.000000000
    0.088445504         3        1    0.000000022    0.000003078    0.000000000
    0.418095126         4        1    0.000000028    0.000004247    0.000000000
    0.697908177         5        1    0.000000034    0.000005378    0.000000000
    0.970151254         6        1    0.000000038    0.000006470    0.000000000
    0.609830782         7        1    0.000000041    0.000007521    0.000000000
    0.918666352         8        1    0.000000043    0.000008532    0.000000000
    0.555371479         9        1    0.000000044    0.000009500    0.000000000
    0.655164361        10        1    0.000000043    0.000010425    0.000000000
    0.986586066        11        1    0.000000042    0.000011306    0.000000000
    0.225855419        12        1    0.000000040    0.000012143    0.000000000
    0.315615063        13        1    0.000000037    0.000012935    0.000000000
    0.574847188        14        1    0.000000034    0.000013681    0.000000000
    0.071592483        15        1    0.000000030    0.000014382    0.000000000
    0.992579461        16        1    0.000000025    0.000015037    0.000000000
    0.951282205        17        1    0.000000021    0.000015646    0.000000000
    0.616959869        18        1    0.000000016    0.000016209    0.000000000
    0.925068868        19        1    0.000000012    0.000016725    0.000000000
    0.406597176        20        1    0.000000007    0.000017195    0.000000000
    0.826199948        21        2    0.000000003    0.000017473    0.000000000
    0.512455421        22        2    0.000000000    0.000017459    0.000000000
    0.163813010        23        2    0.000000000    0.000017400    0.000000000
    0.554884817        24        2    0.000000000    0.000017274    0.000000000
    0.541103087        25        2    0.000000000    0.000017084    0.000000000
    0.018856742        26        2    0.000000000    0.000016837    0.000000000
    0.096421405        27        2    0.000000000    0.000016537    0.000000000
    0.730415206        28        2    0.000000000    0.000016187    0.000000000
    0.702200459        29        2    0.000000000    0.000015793    0.000000000
    0.132444770        30        2    0.000000000    0.000015359    0.000000000
    0.218760104        31        2    0.000000000    0.000014889    0.000000000
    0.839208564        32        2    0.000000000    0.000014386    0.000000000
    0.307762884        33        2    0.000000000    0.000013854    0.000000000
    0.560058542        34        2    0.000000000    0.000013298    0.000000000
    0.578855681        35        2    0.000000000    0.000012719    0.000000000
    0.672230544        36        2    0.000000000    0.000012122    0.000000000
    0.092864024        37        2    0.000000002    0.000011509    0.000000000
    0.321537867        38        2    0.000000004    0.000010883    0.000000000
    0.238623889        39        2    0.000000006    0.000010247    0.000000000
    0.109764680        40        2    0.000000007    0.000009602    0.000000000
    0.117805504        41        3    0.000000008    0.000008882    0.000000000
    0.311468717        42        3    0.000000009    0.000008052    0.000000000
    0.096214706        43        3    0.000000009    0.000007250    0.000000000
    0.298570079        44        3    0.000000009    0.000006465    0.000000000
    0.151886672        45        3    0.000000008    0.000005698    0.000000000
    0.539664589        46        3    0.000000007    0.000004952    0.000000000
    0.334159365        47        3    0.000000005    0.000004229    0.000000000
    0.528821083        48        3    0.000000003    0.000003531    0.000000000
    0.812823151        49        3    0.000000000    0.000002859    0.000000000
    0.157855644        50        3    0.000000000    0.000002214    0.000000000
    0.708619531        51        3    0.000000000    0.000001597    0.000000000
    0.429401722        52        3    0.000000000    0.000001007    0.000000000
    0.874500581        53        3    0.000000000    0.000000445    0.000000000
    0.110583247        54        3    0.000000000    0.000000000    0.000000000
    0.419936744        55        3    0.000000000    0.000000000    0.000000000
    0.047674490        56        3    0.000000000    0.000000000    0.000000000
    0.342619556        57        3    0.000000000    0.000000000    0.000000000
    0.403206898        58        3    0.000000000    0.000000000    0.000000000
    0.843794686        59        3    0.000000000    0.000000000    0.000000000
    0.205762156        60        3    0.000000000    0.000000000    0.000000000
    0.336697696        61        4    0.000000000    0.000000000    0.000000000
    0.937344442        62        4    0.000000000    0.000000000    0.000000000
    0.267628481        63        4    0.000000000    0.000000000    0.000000000
    0.756871604        64        4    0.000000000    0.000000000    0.000000000
    0.034926640        65        4    0.000000005    0.000000000    0.000000000
    0.070992885        66        4    0.000000013    0.000000000    0.000000000
    0.776761048        67        4    0.000000021    0.000000000    0.000000000
    0.257739571        68        4    0.000000031    0.000000000    0.000000000
    0.243685982        69        4    0.000000041    0.000000000    0.000000000
    0.516129357        70        4    0.000000053    0.000000000    0.000000000
    0.643280298        71        4    0.000000065    0.000000000    0.000000000
    0.422628245        72        4    0.000000077    0.000000000    0.000000000
    0.792874652        73        4    0.000000090    0.000000000    0.000000000
    0.344020081        74        4    0.000000103    0.000000000    0.000000000
    0.468487678        75        4    0.000000115    0.000000000    0.000000000
    0.936607960        76        4    0.000000128    0.000000000    0.000000000
    0.196739837        77        4    0.000000140    0.000000000    0.000000000
    0.766850299        78        4    0.000000152    0.000000000    0.000000000
    0.704461437        79        4    0.000000163    0.000000000    0.000000000
    0.670167664        80        4    0.000000173    0.000000000    0.000000000
    0.348191002        81        5    0.000000182    0.000000000    0.000000000
    0.041740702        82        5    0.000000189    0.000000000    0.000000000
    0.104211735        83        5    0.000000195    0.000000000    0.000000000
    0.774448517        84        5    0.000000199    0.000000000    0.000000000
    0.176633798        85        5    0.000000203    0.000000212    0.000000000
    0.553188304        86        5    0.000000204    0.000001045    0.000000000
    0.513447379        87        5    0.000000205    0.000001880    0.000000000
    0.013553958        88        5    0.000000205    0.000002714    0.000000000
    0.629327525        89        5    0.000000204    0.000003547    0.000000000
    0.178971648        90        5    0.000000201    0.000004376    0.000000000
    0.256382510        91        5    0.000000199    0.000005201    0.000000000
    0.539888956        92        5    0.000000196    0.000006020    0.000000000
    0.553785742        93        5    0.000000192    0.000006831    0.000000000
    0.858908992        94        5    0.000000189    0.000007634    0.000000000
    0.572873166        95        5    0.000000186    0.000008426    0.000000000
    0.798847084        96        5    0.000000184    0.000009208    0.000000000
    0.386777820        97        5    0.000000182    0.000009977    0.000000000
    0.774651491        98        5    0.000000182    0.000010732    0.000000000
    0.084704026        99        5    0.000000183    0.000011474    0.000000000
    0.421638576       100        5    0.000000186    0.000012200    0.000000000
    0.359867126       101        6    0.000000188    0.000015036    0.000000000
    0.338406276       102        6    0.000000187    0.000021389    0.000000000
    0.834655092       103        6    0.000000185    0.000027711    0.000000000
    0.306739314       104        6    0.000000182    0.000034520    0.000000000
    0.197573283       105        6    0.000000180    0.000041927    0.000000000
    0.141385254       106        6    0.000000177    0.000050046    0.000000000
    0.086993441       107        6    0.000000174    0.000058992    0.000000000
    0.035578802       108        6    0.000000171    0.000068882    0.000000000
    0.337452489       109        6    0.000000168    0.000079832    0.000000000
    0.913503523       110        6    0.000000166    0.000091960    0.000000000
    0.320155869       111        6    0.000000165    0.000105386    0.000000000
    0.689899077       112        6    0.000000164    0.000120230    0.000000000
    0.951229448       113        6    0.000000164    0.000136614    0.000000000
    0.451422395       114        6    0.000000165    0.000154662    0.000000000
    0.012940010       115        6    0.000000167    0.000174499    0.000000000
    0.865643923       116        6    0.000000170    0.000196252    0.000000000
    0.295925767       117        6    0.000000175    0.000220049    0.000000000
    0.244183023       118        6    0.000000181    0.000246022    0.000000000
    0.186887496       119        6    0.000000188    0.000274305    0.000000000
    0.762086692       120        6    0.000000197    0.000305032    0.000000000
    0.267812277       121        7    0.000000231    0.000316424    0.000000000
    0.922251668       122        7    0.000000320    0.000292168    0.000000000
    0.920083218       123        7    0.000000456    0.000266668    0.000000000
    0.869535464       124        7    0.000000656    0.000236961    0.000000000
    0.987943574       125        7    0.000000930    0.000203745    0.000000000
    0.428177560       126        7    0.000001291    0.000167707    0.000000000
    0.558109646       127        7    0.000001746    0.000129523    0.000000000
    0.679295410       128        7    0.000002305    0.000089859    0.000000000
    0.713620535       129        7    0.000002973    0.000049372    0.000000000
    0.993586827       130        7    0.000003754    0.000008708    0.000000000
    0.917094194       131        7    0.000004653    0.000000000    0.000000000
    0.515336994       132        7    0.000005669    0.000000000    0.000000000
    0.604234574       133        7    0.000006803    0.000000000    0.000000000
    0.870689960       134        7    0.000008054    0.000000000    0.000000000
    0.106770918       135        7    0.000009417    0.000000000    0.000000000
    0.080212614       136        7    0.000010889    0.000000000    0.000000000
    0.557051181       137        7    0.000012464    0.000000000    0.000000000
    0.829340106       138        7    0.000014135    0.000000000    0.000000000
    0.870411072       139        7    0.000015895    0.000000000    0.000000000
    0.564036879       140        7    0.000017735    0.000000000    0.000000000
    0.287329225       141        8    0.000018840    0.000000000    0.000000000
    0.613805586       142        8    0.000018561    0.000000000    0.000000000
    0.268464652       143        8    0.000018082    0.000000000    0.000000000
    0.446767078       144        8    0.000017330    0.000000000    0.000000000
    0.435056653       145        8    0.000016355    0.000000000    0.000000000
    0.124276296       146        8    0.000015202    0.000000000    0.000000000
    0.156859879       147        8    0.000013917    0.000000000    0.000000000
    0.095587481       148        8    0.000012542    0.000000000    0.000000000
    0.760502896       149        8    0.000011113    0.000000000    0.000000000
    0.094720728       150        8    0.000009667    0.000000000    0.000000000
    0.122917568       151        8    0.000008234    0.000000000    0.000000000
    0.568910609       152        8    0.000006842    0.000000000    0.000000000
    0.447392148       153        8    0.000005513    0.000000000    0.000000000
    0.996363371       154        8    0.000004269    0.000000000    0.000000000
    0.985686681       155        8    0.000003124    0.000000000    0.000000000
    0.939189680       156        8    0.000002091    0.000000000    0.000000000
    0.650941475       157        8    0.000001178    0.000000000    0.000000000
    0.933049494       158        8    0.000000392    0.000000000    0.000000000
    0.060515432       159        8    0.000000000    0.000001721    0.000000000
    0.561736779       160        8    0.000000000    0.000003673    0.000000000
    0.322294464       161        9    0.000000000    0.000004705    0.000000000
    0.017060087       162        9    0.000000000    0.000004425    0.000000000
    0.256178146       163        9    0.000000000    0.000004290    0.000000000
    0.864543841       164        9    0.000000000    0.000004135    0.000000000
    0.437558549       165        9    0.000000000    0.000003960    0.000000000
    0.157623947       166        9    0.000000000    0.000003766    0.000000000
    0.255472743       167        9    0.000000000    0.000003554    0.000000000
    0.782108360       168        9    0.000000000    0.000003324    0.000000000
    0.043447099       169        9    0.000000000    0.000003076    0.000000000
    0.687425541       170        9    0.000000000    0.000002812    0.000000000
    0.203457257       171        9    0.000000000    0.000002533    0.000000000
    0.289745210       172        9    0.000000000    0.000002240    0.000000000
    0.163302150       173        9    0.000000167    0.000001934    0.000000000
    0.686370489       174        9    0.000000604    0.000001617    0.000000000
    0.094982146       175        9    0.000001048    0.000001290    0.000000000
    0.016863950       176        9    0.000001491    0.000000955    0.000000000
    0.661374580       177        9    0.000001924    0.000000615    0.000000000
    0.978662404       178        9    0.000002341    0.000000270    0.000000000
    0.724664924       179        9    0.000002734    0.000000000    0.000000000
    0.434392763       180        9    0.000003096    0.000000000    0.000000000
    0.624529249       181       10    0.000003536    0.000000000    0.000000000
    0.460648680       182       10    0.000004110    0.000000000    0.000000000
    0.665020060       183       10    0.000004610    0.000000000    0.000000000
    0.245799543       184       10    0.000005054    0.000000000    0.000000000
    0.431959460       185       10    0.000005438    0.000000000    0.000000000
    0.164647578       186       10    0.000005759    0.000000000    0.000000000
    0.757623153       187       10    0.000006015    0.000000000    0.000000000
    0.759427160       188       10    0.000006206    0.000000000    0.000000000
    0.457002352       189       10    0.000006331    0.000000000    0.000000000
    0.184434845       190       10    0.000006391    0.000000000    0.000000000
    0.608593774       191       10    0.000006388    0.000000000    0.000000000
    0.349989791       192       10    0.000006325    0.000000000    0.000000000
    0.729899869       193       10    0.000006206    0.000000000    0.000000000
    0.568455826       194       10    0.000006033    0.000000000    0.000000000
    0.838274889       195       10    0.000005813    0.000000000    0.000000000
    0.755719837       196       10    0.000005550    0.000000000    0.000000000
    0.139459510       197       10    0.000005250    0.000000000    0.000000000
    0.723606867       198       10    0.000004918    0.000000000    0.000000000
    0.198924633       199       10    0.000004562    0.000000000    0.000000000
    0.949296398       200       10    0.000004187    0.000000000    0.000000000
